{
 "cells": [
  {
   "cell_type": "code",
   "execution_count": 16,
   "id": "3a8ea085",
   "metadata": {},
   "outputs": [],
   "source": [
    "import pandas as pd\n",
    "import seaborn as sb\n",
    "import matplotlib.pyplot as plt"
   ]
  },
  {
   "cell_type": "code",
   "execution_count": 18,
   "id": "9424d492",
   "metadata": {},
   "outputs": [],
   "source": [
    "house_data = pd.read_csv('kc_house_data.csv', parse_dates =[0])"
   ]
  },
  {
   "cell_type": "code",
   "execution_count": 31,
   "id": "3ecd19ed",
   "metadata": {},
   "outputs": [
    {
     "data": {
      "text/html": [
       "<div>\n",
       "<style scoped>\n",
       "    .dataframe tbody tr th:only-of-type {\n",
       "        vertical-align: middle;\n",
       "    }\n",
       "\n",
       "    .dataframe tbody tr th {\n",
       "        vertical-align: top;\n",
       "    }\n",
       "\n",
       "    .dataframe thead th {\n",
       "        text-align: right;\n",
       "    }\n",
       "</style>\n",
       "<table border=\"1\" class=\"dataframe\">\n",
       "  <thead>\n",
       "    <tr style=\"text-align: right;\">\n",
       "      <th></th>\n",
       "      <th>id</th>\n",
       "      <th>date</th>\n",
       "      <th>price</th>\n",
       "      <th>bedrooms</th>\n",
       "      <th>bathrooms</th>\n",
       "      <th>sqft_living</th>\n",
       "      <th>sqft_lot</th>\n",
       "      <th>floors</th>\n",
       "      <th>waterfront</th>\n",
       "      <th>view</th>\n",
       "      <th>...</th>\n",
       "      <th>grade</th>\n",
       "      <th>sqft_above</th>\n",
       "      <th>sqft_basement</th>\n",
       "      <th>yr_built</th>\n",
       "      <th>yr_renovated</th>\n",
       "      <th>zipcode</th>\n",
       "      <th>lat</th>\n",
       "      <th>long</th>\n",
       "      <th>sqft_living15</th>\n",
       "      <th>sqft_lot15</th>\n",
       "    </tr>\n",
       "  </thead>\n",
       "  <tbody>\n",
       "    <tr>\n",
       "      <th>0</th>\n",
       "      <td>7129300520</td>\n",
       "      <td>2014-10-13</td>\n",
       "      <td>221900.0</td>\n",
       "      <td>3</td>\n",
       "      <td>1.00</td>\n",
       "      <td>1180</td>\n",
       "      <td>5650</td>\n",
       "      <td>1.0</td>\n",
       "      <td>0</td>\n",
       "      <td>0</td>\n",
       "      <td>...</td>\n",
       "      <td>7</td>\n",
       "      <td>1180</td>\n",
       "      <td>0</td>\n",
       "      <td>1970-01-01 00:00:00.000001955</td>\n",
       "      <td>1970-01-01 00:00:00.000000000</td>\n",
       "      <td>98178</td>\n",
       "      <td>47.5112</td>\n",
       "      <td>-122.257</td>\n",
       "      <td>1340</td>\n",
       "      <td>5650</td>\n",
       "    </tr>\n",
       "    <tr>\n",
       "      <th>1</th>\n",
       "      <td>6414100192</td>\n",
       "      <td>2014-12-09</td>\n",
       "      <td>538000.0</td>\n",
       "      <td>3</td>\n",
       "      <td>2.25</td>\n",
       "      <td>2570</td>\n",
       "      <td>7242</td>\n",
       "      <td>2.0</td>\n",
       "      <td>0</td>\n",
       "      <td>0</td>\n",
       "      <td>...</td>\n",
       "      <td>7</td>\n",
       "      <td>2170</td>\n",
       "      <td>400</td>\n",
       "      <td>1970-01-01 00:00:00.000001951</td>\n",
       "      <td>1970-01-01 00:00:00.000001991</td>\n",
       "      <td>98125</td>\n",
       "      <td>47.7210</td>\n",
       "      <td>-122.319</td>\n",
       "      <td>1690</td>\n",
       "      <td>7639</td>\n",
       "    </tr>\n",
       "    <tr>\n",
       "      <th>2</th>\n",
       "      <td>5631500400</td>\n",
       "      <td>2015-02-25</td>\n",
       "      <td>180000.0</td>\n",
       "      <td>2</td>\n",
       "      <td>1.00</td>\n",
       "      <td>770</td>\n",
       "      <td>10000</td>\n",
       "      <td>1.0</td>\n",
       "      <td>0</td>\n",
       "      <td>0</td>\n",
       "      <td>...</td>\n",
       "      <td>6</td>\n",
       "      <td>770</td>\n",
       "      <td>0</td>\n",
       "      <td>1970-01-01 00:00:00.000001933</td>\n",
       "      <td>1970-01-01 00:00:00.000000000</td>\n",
       "      <td>98028</td>\n",
       "      <td>47.7379</td>\n",
       "      <td>-122.233</td>\n",
       "      <td>2720</td>\n",
       "      <td>8062</td>\n",
       "    </tr>\n",
       "    <tr>\n",
       "      <th>3</th>\n",
       "      <td>2487200875</td>\n",
       "      <td>2014-12-09</td>\n",
       "      <td>604000.0</td>\n",
       "      <td>4</td>\n",
       "      <td>3.00</td>\n",
       "      <td>1960</td>\n",
       "      <td>5000</td>\n",
       "      <td>1.0</td>\n",
       "      <td>0</td>\n",
       "      <td>0</td>\n",
       "      <td>...</td>\n",
       "      <td>7</td>\n",
       "      <td>1050</td>\n",
       "      <td>910</td>\n",
       "      <td>1970-01-01 00:00:00.000001965</td>\n",
       "      <td>1970-01-01 00:00:00.000000000</td>\n",
       "      <td>98136</td>\n",
       "      <td>47.5208</td>\n",
       "      <td>-122.393</td>\n",
       "      <td>1360</td>\n",
       "      <td>5000</td>\n",
       "    </tr>\n",
       "    <tr>\n",
       "      <th>4</th>\n",
       "      <td>1954400510</td>\n",
       "      <td>2015-02-18</td>\n",
       "      <td>510000.0</td>\n",
       "      <td>3</td>\n",
       "      <td>2.00</td>\n",
       "      <td>1680</td>\n",
       "      <td>8080</td>\n",
       "      <td>1.0</td>\n",
       "      <td>0</td>\n",
       "      <td>0</td>\n",
       "      <td>...</td>\n",
       "      <td>8</td>\n",
       "      <td>1680</td>\n",
       "      <td>0</td>\n",
       "      <td>1970-01-01 00:00:00.000001987</td>\n",
       "      <td>1970-01-01 00:00:00.000000000</td>\n",
       "      <td>98074</td>\n",
       "      <td>47.6168</td>\n",
       "      <td>-122.045</td>\n",
       "      <td>1800</td>\n",
       "      <td>7503</td>\n",
       "    </tr>\n",
       "  </tbody>\n",
       "</table>\n",
       "<p>5 rows × 21 columns</p>\n",
       "</div>"
      ],
      "text/plain": [
       "           id       date     price  bedrooms  bathrooms  sqft_living  \\\n",
       "0  7129300520 2014-10-13  221900.0         3       1.00         1180   \n",
       "1  6414100192 2014-12-09  538000.0         3       2.25         2570   \n",
       "2  5631500400 2015-02-25  180000.0         2       1.00          770   \n",
       "3  2487200875 2014-12-09  604000.0         4       3.00         1960   \n",
       "4  1954400510 2015-02-18  510000.0         3       2.00         1680   \n",
       "\n",
       "   sqft_lot  floors  waterfront  view  ...  grade  sqft_above  sqft_basement  \\\n",
       "0      5650     1.0           0     0  ...      7        1180              0   \n",
       "1      7242     2.0           0     0  ...      7        2170            400   \n",
       "2     10000     1.0           0     0  ...      6         770              0   \n",
       "3      5000     1.0           0     0  ...      7        1050            910   \n",
       "4      8080     1.0           0     0  ...      8        1680              0   \n",
       "\n",
       "                       yr_built                  yr_renovated zipcode  \\\n",
       "0 1970-01-01 00:00:00.000001955 1970-01-01 00:00:00.000000000   98178   \n",
       "1 1970-01-01 00:00:00.000001951 1970-01-01 00:00:00.000001991   98125   \n",
       "2 1970-01-01 00:00:00.000001933 1970-01-01 00:00:00.000000000   98028   \n",
       "3 1970-01-01 00:00:00.000001965 1970-01-01 00:00:00.000000000   98136   \n",
       "4 1970-01-01 00:00:00.000001987 1970-01-01 00:00:00.000000000   98074   \n",
       "\n",
       "       lat     long  sqft_living15  sqft_lot15  \n",
       "0  47.5112 -122.257           1340        5650  \n",
       "1  47.7210 -122.319           1690        7639  \n",
       "2  47.7379 -122.233           2720        8062  \n",
       "3  47.5208 -122.393           1360        5000  \n",
       "4  47.6168 -122.045           1800        7503  \n",
       "\n",
       "[5 rows x 21 columns]"
      ]
     },
     "execution_count": 31,
     "metadata": {},
     "output_type": "execute_result"
    }
   ],
   "source": [
    "house_data.head()"
   ]
  },
  {
   "cell_type": "code",
   "execution_count": 20,
   "id": "448533d5",
   "metadata": {},
   "outputs": [
    {
     "name": "stdout",
     "output_type": "stream",
     "text": [
      "<class 'pandas.core.frame.DataFrame'>\n",
      "RangeIndex: 21613 entries, 0 to 21612\n",
      "Data columns (total 21 columns):\n",
      " #   Column         Non-Null Count  Dtype  \n",
      "---  ------         --------------  -----  \n",
      " 0   id             21613 non-null  object \n",
      " 1   date           21613 non-null  object \n",
      " 2   price          21613 non-null  float64\n",
      " 3   bedrooms       21613 non-null  int64  \n",
      " 4   bathrooms      21613 non-null  float64\n",
      " 5   sqft_living    21613 non-null  int64  \n",
      " 6   sqft_lot       21613 non-null  int64  \n",
      " 7   floors         21613 non-null  float64\n",
      " 8   waterfront     21613 non-null  int64  \n",
      " 9   view           21613 non-null  int64  \n",
      " 10  condition      21613 non-null  int64  \n",
      " 11  grade          21613 non-null  int64  \n",
      " 12  sqft_above     21613 non-null  int64  \n",
      " 13  sqft_basement  21613 non-null  int64  \n",
      " 14  yr_built       21613 non-null  int64  \n",
      " 15  yr_renovated   21613 non-null  int64  \n",
      " 16  zipcode        21613 non-null  int64  \n",
      " 17  lat            21613 non-null  float64\n",
      " 18  long           21613 non-null  float64\n",
      " 19  sqft_living15  21613 non-null  int64  \n",
      " 20  sqft_lot15     21613 non-null  int64  \n",
      "dtypes: float64(5), int64(14), object(2)\n",
      "memory usage: 3.5+ MB\n"
     ]
    }
   ],
   "source": [
    "house_data.info()"
   ]
  },
  {
   "cell_type": "code",
   "execution_count": 33,
   "id": "c012cbe7",
   "metadata": {},
   "outputs": [],
   "source": [
    "house_data['date'] = pd.to_datetime(house_data['date'])\n",
    "house_data['yr_built'] = pd.to_datetime(house_data['yr_built'])\n",
    "house_data['yr_renovated'] = pd.to_datetime(house_data['yr_renovated'])"
   ]
  },
  {
   "cell_type": "markdown",
   "id": "688ad9c6",
   "metadata": {},
   "source": [
    "house_data.isnull().sum()"
   ]
  },
  {
   "cell_type": "code",
   "execution_count": 22,
   "id": "0107a1f3",
   "metadata": {},
   "outputs": [
    {
     "data": {
      "text/plain": [
       "0"
      ]
     },
     "execution_count": 22,
     "metadata": {},
     "output_type": "execute_result"
    }
   ],
   "source": [
    "house_data.duplicated().sum()"
   ]
  },
  {
   "cell_type": "code",
   "execution_count": 34,
   "id": "067f3911",
   "metadata": {},
   "outputs": [
    {
     "data": {
      "text/html": [
       "<div>\n",
       "<style scoped>\n",
       "    .dataframe tbody tr th:only-of-type {\n",
       "        vertical-align: middle;\n",
       "    }\n",
       "\n",
       "    .dataframe tbody tr th {\n",
       "        vertical-align: top;\n",
       "    }\n",
       "\n",
       "    .dataframe thead th {\n",
       "        text-align: right;\n",
       "    }\n",
       "</style>\n",
       "<table border=\"1\" class=\"dataframe\">\n",
       "  <thead>\n",
       "    <tr style=\"text-align: right;\">\n",
       "      <th></th>\n",
       "      <th>price</th>\n",
       "      <th>bedrooms</th>\n",
       "      <th>bathrooms</th>\n",
       "      <th>sqft_living</th>\n",
       "      <th>sqft_lot</th>\n",
       "      <th>floors</th>\n",
       "      <th>waterfront</th>\n",
       "      <th>view</th>\n",
       "      <th>condition</th>\n",
       "      <th>grade</th>\n",
       "      <th>sqft_above</th>\n",
       "      <th>sqft_basement</th>\n",
       "      <th>zipcode</th>\n",
       "      <th>lat</th>\n",
       "      <th>long</th>\n",
       "      <th>sqft_living15</th>\n",
       "      <th>sqft_lot15</th>\n",
       "    </tr>\n",
       "  </thead>\n",
       "  <tbody>\n",
       "    <tr>\n",
       "      <th>count</th>\n",
       "      <td>2.161300e+04</td>\n",
       "      <td>21613.000000</td>\n",
       "      <td>21613.000000</td>\n",
       "      <td>21613.000000</td>\n",
       "      <td>2.161300e+04</td>\n",
       "      <td>21613.000000</td>\n",
       "      <td>21613.000000</td>\n",
       "      <td>21613.000000</td>\n",
       "      <td>21613.000000</td>\n",
       "      <td>21613.000000</td>\n",
       "      <td>21613.000000</td>\n",
       "      <td>21613.000000</td>\n",
       "      <td>21613.000000</td>\n",
       "      <td>21613.000000</td>\n",
       "      <td>21613.000000</td>\n",
       "      <td>21613.000000</td>\n",
       "      <td>21613.000000</td>\n",
       "    </tr>\n",
       "    <tr>\n",
       "      <th>mean</th>\n",
       "      <td>5.400881e+05</td>\n",
       "      <td>3.370842</td>\n",
       "      <td>2.114757</td>\n",
       "      <td>2079.899736</td>\n",
       "      <td>1.510697e+04</td>\n",
       "      <td>1.494309</td>\n",
       "      <td>0.007542</td>\n",
       "      <td>0.234303</td>\n",
       "      <td>3.409430</td>\n",
       "      <td>7.656873</td>\n",
       "      <td>1788.390691</td>\n",
       "      <td>291.509045</td>\n",
       "      <td>98077.939805</td>\n",
       "      <td>47.560053</td>\n",
       "      <td>-122.213896</td>\n",
       "      <td>1986.552492</td>\n",
       "      <td>12768.455652</td>\n",
       "    </tr>\n",
       "    <tr>\n",
       "      <th>std</th>\n",
       "      <td>3.671272e+05</td>\n",
       "      <td>0.930062</td>\n",
       "      <td>0.770163</td>\n",
       "      <td>918.440897</td>\n",
       "      <td>4.142051e+04</td>\n",
       "      <td>0.539989</td>\n",
       "      <td>0.086517</td>\n",
       "      <td>0.766318</td>\n",
       "      <td>0.650743</td>\n",
       "      <td>1.175459</td>\n",
       "      <td>828.090978</td>\n",
       "      <td>442.575043</td>\n",
       "      <td>53.505026</td>\n",
       "      <td>0.138564</td>\n",
       "      <td>0.140828</td>\n",
       "      <td>685.391304</td>\n",
       "      <td>27304.179631</td>\n",
       "    </tr>\n",
       "    <tr>\n",
       "      <th>min</th>\n",
       "      <td>7.500000e+04</td>\n",
       "      <td>0.000000</td>\n",
       "      <td>0.000000</td>\n",
       "      <td>290.000000</td>\n",
       "      <td>5.200000e+02</td>\n",
       "      <td>1.000000</td>\n",
       "      <td>0.000000</td>\n",
       "      <td>0.000000</td>\n",
       "      <td>1.000000</td>\n",
       "      <td>1.000000</td>\n",
       "      <td>290.000000</td>\n",
       "      <td>0.000000</td>\n",
       "      <td>98001.000000</td>\n",
       "      <td>47.155900</td>\n",
       "      <td>-122.519000</td>\n",
       "      <td>399.000000</td>\n",
       "      <td>651.000000</td>\n",
       "    </tr>\n",
       "    <tr>\n",
       "      <th>25%</th>\n",
       "      <td>3.219500e+05</td>\n",
       "      <td>3.000000</td>\n",
       "      <td>1.750000</td>\n",
       "      <td>1427.000000</td>\n",
       "      <td>5.040000e+03</td>\n",
       "      <td>1.000000</td>\n",
       "      <td>0.000000</td>\n",
       "      <td>0.000000</td>\n",
       "      <td>3.000000</td>\n",
       "      <td>7.000000</td>\n",
       "      <td>1190.000000</td>\n",
       "      <td>0.000000</td>\n",
       "      <td>98033.000000</td>\n",
       "      <td>47.471000</td>\n",
       "      <td>-122.328000</td>\n",
       "      <td>1490.000000</td>\n",
       "      <td>5100.000000</td>\n",
       "    </tr>\n",
       "    <tr>\n",
       "      <th>50%</th>\n",
       "      <td>4.500000e+05</td>\n",
       "      <td>3.000000</td>\n",
       "      <td>2.250000</td>\n",
       "      <td>1910.000000</td>\n",
       "      <td>7.618000e+03</td>\n",
       "      <td>1.500000</td>\n",
       "      <td>0.000000</td>\n",
       "      <td>0.000000</td>\n",
       "      <td>3.000000</td>\n",
       "      <td>7.000000</td>\n",
       "      <td>1560.000000</td>\n",
       "      <td>0.000000</td>\n",
       "      <td>98065.000000</td>\n",
       "      <td>47.571800</td>\n",
       "      <td>-122.230000</td>\n",
       "      <td>1840.000000</td>\n",
       "      <td>7620.000000</td>\n",
       "    </tr>\n",
       "    <tr>\n",
       "      <th>75%</th>\n",
       "      <td>6.450000e+05</td>\n",
       "      <td>4.000000</td>\n",
       "      <td>2.500000</td>\n",
       "      <td>2550.000000</td>\n",
       "      <td>1.068800e+04</td>\n",
       "      <td>2.000000</td>\n",
       "      <td>0.000000</td>\n",
       "      <td>0.000000</td>\n",
       "      <td>4.000000</td>\n",
       "      <td>8.000000</td>\n",
       "      <td>2210.000000</td>\n",
       "      <td>560.000000</td>\n",
       "      <td>98118.000000</td>\n",
       "      <td>47.678000</td>\n",
       "      <td>-122.125000</td>\n",
       "      <td>2360.000000</td>\n",
       "      <td>10083.000000</td>\n",
       "    </tr>\n",
       "    <tr>\n",
       "      <th>max</th>\n",
       "      <td>7.700000e+06</td>\n",
       "      <td>33.000000</td>\n",
       "      <td>8.000000</td>\n",
       "      <td>13540.000000</td>\n",
       "      <td>1.651359e+06</td>\n",
       "      <td>3.500000</td>\n",
       "      <td>1.000000</td>\n",
       "      <td>4.000000</td>\n",
       "      <td>5.000000</td>\n",
       "      <td>13.000000</td>\n",
       "      <td>9410.000000</td>\n",
       "      <td>4820.000000</td>\n",
       "      <td>98199.000000</td>\n",
       "      <td>47.777600</td>\n",
       "      <td>-121.315000</td>\n",
       "      <td>6210.000000</td>\n",
       "      <td>871200.000000</td>\n",
       "    </tr>\n",
       "  </tbody>\n",
       "</table>\n",
       "</div>"
      ],
      "text/plain": [
       "              price      bedrooms     bathrooms   sqft_living      sqft_lot  \\\n",
       "count  2.161300e+04  21613.000000  21613.000000  21613.000000  2.161300e+04   \n",
       "mean   5.400881e+05      3.370842      2.114757   2079.899736  1.510697e+04   \n",
       "std    3.671272e+05      0.930062      0.770163    918.440897  4.142051e+04   \n",
       "min    7.500000e+04      0.000000      0.000000    290.000000  5.200000e+02   \n",
       "25%    3.219500e+05      3.000000      1.750000   1427.000000  5.040000e+03   \n",
       "50%    4.500000e+05      3.000000      2.250000   1910.000000  7.618000e+03   \n",
       "75%    6.450000e+05      4.000000      2.500000   2550.000000  1.068800e+04   \n",
       "max    7.700000e+06     33.000000      8.000000  13540.000000  1.651359e+06   \n",
       "\n",
       "             floors    waterfront          view     condition         grade  \\\n",
       "count  21613.000000  21613.000000  21613.000000  21613.000000  21613.000000   \n",
       "mean       1.494309      0.007542      0.234303      3.409430      7.656873   \n",
       "std        0.539989      0.086517      0.766318      0.650743      1.175459   \n",
       "min        1.000000      0.000000      0.000000      1.000000      1.000000   \n",
       "25%        1.000000      0.000000      0.000000      3.000000      7.000000   \n",
       "50%        1.500000      0.000000      0.000000      3.000000      7.000000   \n",
       "75%        2.000000      0.000000      0.000000      4.000000      8.000000   \n",
       "max        3.500000      1.000000      4.000000      5.000000     13.000000   \n",
       "\n",
       "         sqft_above  sqft_basement       zipcode           lat          long  \\\n",
       "count  21613.000000   21613.000000  21613.000000  21613.000000  21613.000000   \n",
       "mean    1788.390691     291.509045  98077.939805     47.560053   -122.213896   \n",
       "std      828.090978     442.575043     53.505026      0.138564      0.140828   \n",
       "min      290.000000       0.000000  98001.000000     47.155900   -122.519000   \n",
       "25%     1190.000000       0.000000  98033.000000     47.471000   -122.328000   \n",
       "50%     1560.000000       0.000000  98065.000000     47.571800   -122.230000   \n",
       "75%     2210.000000     560.000000  98118.000000     47.678000   -122.125000   \n",
       "max     9410.000000    4820.000000  98199.000000     47.777600   -121.315000   \n",
       "\n",
       "       sqft_living15     sqft_lot15  \n",
       "count   21613.000000   21613.000000  \n",
       "mean     1986.552492   12768.455652  \n",
       "std       685.391304   27304.179631  \n",
       "min       399.000000     651.000000  \n",
       "25%      1490.000000    5100.000000  \n",
       "50%      1840.000000    7620.000000  \n",
       "75%      2360.000000   10083.000000  \n",
       "max      6210.000000  871200.000000  "
      ]
     },
     "execution_count": 34,
     "metadata": {},
     "output_type": "execute_result"
    }
   ],
   "source": [
    "house_data.describe()"
   ]
  },
  {
   "cell_type": "code",
   "execution_count": 35,
   "id": "93ba5b50",
   "metadata": {},
   "outputs": [
    {
     "data": {
      "text/html": [
       "<div>\n",
       "<style scoped>\n",
       "    .dataframe tbody tr th:only-of-type {\n",
       "        vertical-align: middle;\n",
       "    }\n",
       "\n",
       "    .dataframe tbody tr th {\n",
       "        vertical-align: top;\n",
       "    }\n",
       "\n",
       "    .dataframe thead th {\n",
       "        text-align: right;\n",
       "    }\n",
       "</style>\n",
       "<table border=\"1\" class=\"dataframe\">\n",
       "  <thead>\n",
       "    <tr style=\"text-align: right;\">\n",
       "      <th></th>\n",
       "      <th>price</th>\n",
       "      <th>bedrooms</th>\n",
       "      <th>bathrooms</th>\n",
       "      <th>sqft_living</th>\n",
       "      <th>sqft_lot</th>\n",
       "      <th>floors</th>\n",
       "      <th>waterfront</th>\n",
       "      <th>view</th>\n",
       "      <th>condition</th>\n",
       "      <th>grade</th>\n",
       "      <th>sqft_above</th>\n",
       "      <th>sqft_basement</th>\n",
       "      <th>zipcode</th>\n",
       "      <th>lat</th>\n",
       "      <th>long</th>\n",
       "      <th>sqft_living15</th>\n",
       "      <th>sqft_lot15</th>\n",
       "    </tr>\n",
       "  </thead>\n",
       "  <tbody>\n",
       "    <tr>\n",
       "      <th>price</th>\n",
       "      <td>1.000000</td>\n",
       "      <td>0.308350</td>\n",
       "      <td>0.525138</td>\n",
       "      <td>0.702035</td>\n",
       "      <td>0.089661</td>\n",
       "      <td>0.256794</td>\n",
       "      <td>0.266369</td>\n",
       "      <td>0.397293</td>\n",
       "      <td>0.036362</td>\n",
       "      <td>0.667434</td>\n",
       "      <td>0.605567</td>\n",
       "      <td>0.323816</td>\n",
       "      <td>-0.053203</td>\n",
       "      <td>0.307003</td>\n",
       "      <td>0.021626</td>\n",
       "      <td>0.585379</td>\n",
       "      <td>0.082447</td>\n",
       "    </tr>\n",
       "    <tr>\n",
       "      <th>bedrooms</th>\n",
       "      <td>0.308350</td>\n",
       "      <td>1.000000</td>\n",
       "      <td>0.515884</td>\n",
       "      <td>0.576671</td>\n",
       "      <td>0.031703</td>\n",
       "      <td>0.175429</td>\n",
       "      <td>-0.006582</td>\n",
       "      <td>0.079532</td>\n",
       "      <td>0.028472</td>\n",
       "      <td>0.356967</td>\n",
       "      <td>0.477600</td>\n",
       "      <td>0.303093</td>\n",
       "      <td>-0.152668</td>\n",
       "      <td>-0.008931</td>\n",
       "      <td>0.129473</td>\n",
       "      <td>0.391638</td>\n",
       "      <td>0.029244</td>\n",
       "    </tr>\n",
       "    <tr>\n",
       "      <th>bathrooms</th>\n",
       "      <td>0.525138</td>\n",
       "      <td>0.515884</td>\n",
       "      <td>1.000000</td>\n",
       "      <td>0.754665</td>\n",
       "      <td>0.087740</td>\n",
       "      <td>0.500653</td>\n",
       "      <td>0.063744</td>\n",
       "      <td>0.187737</td>\n",
       "      <td>-0.124982</td>\n",
       "      <td>0.664983</td>\n",
       "      <td>0.685342</td>\n",
       "      <td>0.283770</td>\n",
       "      <td>-0.203866</td>\n",
       "      <td>0.024573</td>\n",
       "      <td>0.223042</td>\n",
       "      <td>0.568634</td>\n",
       "      <td>0.087175</td>\n",
       "    </tr>\n",
       "    <tr>\n",
       "      <th>sqft_living</th>\n",
       "      <td>0.702035</td>\n",
       "      <td>0.576671</td>\n",
       "      <td>0.754665</td>\n",
       "      <td>1.000000</td>\n",
       "      <td>0.172826</td>\n",
       "      <td>0.353949</td>\n",
       "      <td>0.103818</td>\n",
       "      <td>0.284611</td>\n",
       "      <td>-0.058753</td>\n",
       "      <td>0.762704</td>\n",
       "      <td>0.876597</td>\n",
       "      <td>0.435043</td>\n",
       "      <td>-0.199430</td>\n",
       "      <td>0.052529</td>\n",
       "      <td>0.240223</td>\n",
       "      <td>0.756420</td>\n",
       "      <td>0.183286</td>\n",
       "    </tr>\n",
       "    <tr>\n",
       "      <th>sqft_lot</th>\n",
       "      <td>0.089661</td>\n",
       "      <td>0.031703</td>\n",
       "      <td>0.087740</td>\n",
       "      <td>0.172826</td>\n",
       "      <td>1.000000</td>\n",
       "      <td>-0.005201</td>\n",
       "      <td>0.021604</td>\n",
       "      <td>0.074710</td>\n",
       "      <td>-0.008958</td>\n",
       "      <td>0.113621</td>\n",
       "      <td>0.183512</td>\n",
       "      <td>0.015286</td>\n",
       "      <td>-0.129574</td>\n",
       "      <td>-0.085683</td>\n",
       "      <td>0.229521</td>\n",
       "      <td>0.144608</td>\n",
       "      <td>0.718557</td>\n",
       "    </tr>\n",
       "    <tr>\n",
       "      <th>floors</th>\n",
       "      <td>0.256794</td>\n",
       "      <td>0.175429</td>\n",
       "      <td>0.500653</td>\n",
       "      <td>0.353949</td>\n",
       "      <td>-0.005201</td>\n",
       "      <td>1.000000</td>\n",
       "      <td>0.023698</td>\n",
       "      <td>0.029444</td>\n",
       "      <td>-0.263768</td>\n",
       "      <td>0.458183</td>\n",
       "      <td>0.523885</td>\n",
       "      <td>-0.245705</td>\n",
       "      <td>-0.059121</td>\n",
       "      <td>0.049614</td>\n",
       "      <td>0.125419</td>\n",
       "      <td>0.279885</td>\n",
       "      <td>-0.011269</td>\n",
       "    </tr>\n",
       "    <tr>\n",
       "      <th>waterfront</th>\n",
       "      <td>0.266369</td>\n",
       "      <td>-0.006582</td>\n",
       "      <td>0.063744</td>\n",
       "      <td>0.103818</td>\n",
       "      <td>0.021604</td>\n",
       "      <td>0.023698</td>\n",
       "      <td>1.000000</td>\n",
       "      <td>0.401857</td>\n",
       "      <td>0.016653</td>\n",
       "      <td>0.082775</td>\n",
       "      <td>0.072075</td>\n",
       "      <td>0.080588</td>\n",
       "      <td>0.030285</td>\n",
       "      <td>-0.014274</td>\n",
       "      <td>-0.041910</td>\n",
       "      <td>0.086463</td>\n",
       "      <td>0.030703</td>\n",
       "    </tr>\n",
       "    <tr>\n",
       "      <th>view</th>\n",
       "      <td>0.397293</td>\n",
       "      <td>0.079532</td>\n",
       "      <td>0.187737</td>\n",
       "      <td>0.284611</td>\n",
       "      <td>0.074710</td>\n",
       "      <td>0.029444</td>\n",
       "      <td>0.401857</td>\n",
       "      <td>1.000000</td>\n",
       "      <td>0.045990</td>\n",
       "      <td>0.251321</td>\n",
       "      <td>0.167649</td>\n",
       "      <td>0.276947</td>\n",
       "      <td>0.084827</td>\n",
       "      <td>0.006157</td>\n",
       "      <td>-0.078400</td>\n",
       "      <td>0.280439</td>\n",
       "      <td>0.072575</td>\n",
       "    </tr>\n",
       "    <tr>\n",
       "      <th>condition</th>\n",
       "      <td>0.036362</td>\n",
       "      <td>0.028472</td>\n",
       "      <td>-0.124982</td>\n",
       "      <td>-0.058753</td>\n",
       "      <td>-0.008958</td>\n",
       "      <td>-0.263768</td>\n",
       "      <td>0.016653</td>\n",
       "      <td>0.045990</td>\n",
       "      <td>1.000000</td>\n",
       "      <td>-0.144674</td>\n",
       "      <td>-0.158214</td>\n",
       "      <td>0.174105</td>\n",
       "      <td>0.003026</td>\n",
       "      <td>-0.014941</td>\n",
       "      <td>-0.106500</td>\n",
       "      <td>-0.092824</td>\n",
       "      <td>-0.003406</td>\n",
       "    </tr>\n",
       "    <tr>\n",
       "      <th>grade</th>\n",
       "      <td>0.667434</td>\n",
       "      <td>0.356967</td>\n",
       "      <td>0.664983</td>\n",
       "      <td>0.762704</td>\n",
       "      <td>0.113621</td>\n",
       "      <td>0.458183</td>\n",
       "      <td>0.082775</td>\n",
       "      <td>0.251321</td>\n",
       "      <td>-0.144674</td>\n",
       "      <td>1.000000</td>\n",
       "      <td>0.755923</td>\n",
       "      <td>0.168392</td>\n",
       "      <td>-0.184862</td>\n",
       "      <td>0.114084</td>\n",
       "      <td>0.198372</td>\n",
       "      <td>0.713202</td>\n",
       "      <td>0.119248</td>\n",
       "    </tr>\n",
       "    <tr>\n",
       "      <th>sqft_above</th>\n",
       "      <td>0.605567</td>\n",
       "      <td>0.477600</td>\n",
       "      <td>0.685342</td>\n",
       "      <td>0.876597</td>\n",
       "      <td>0.183512</td>\n",
       "      <td>0.523885</td>\n",
       "      <td>0.072075</td>\n",
       "      <td>0.167649</td>\n",
       "      <td>-0.158214</td>\n",
       "      <td>0.755923</td>\n",
       "      <td>1.000000</td>\n",
       "      <td>-0.051943</td>\n",
       "      <td>-0.261190</td>\n",
       "      <td>-0.000816</td>\n",
       "      <td>0.343803</td>\n",
       "      <td>0.731870</td>\n",
       "      <td>0.194050</td>\n",
       "    </tr>\n",
       "    <tr>\n",
       "      <th>sqft_basement</th>\n",
       "      <td>0.323816</td>\n",
       "      <td>0.303093</td>\n",
       "      <td>0.283770</td>\n",
       "      <td>0.435043</td>\n",
       "      <td>0.015286</td>\n",
       "      <td>-0.245705</td>\n",
       "      <td>0.080588</td>\n",
       "      <td>0.276947</td>\n",
       "      <td>0.174105</td>\n",
       "      <td>0.168392</td>\n",
       "      <td>-0.051943</td>\n",
       "      <td>1.000000</td>\n",
       "      <td>0.074845</td>\n",
       "      <td>0.110538</td>\n",
       "      <td>-0.144765</td>\n",
       "      <td>0.200355</td>\n",
       "      <td>0.017276</td>\n",
       "    </tr>\n",
       "    <tr>\n",
       "      <th>zipcode</th>\n",
       "      <td>-0.053203</td>\n",
       "      <td>-0.152668</td>\n",
       "      <td>-0.203866</td>\n",
       "      <td>-0.199430</td>\n",
       "      <td>-0.129574</td>\n",
       "      <td>-0.059121</td>\n",
       "      <td>0.030285</td>\n",
       "      <td>0.084827</td>\n",
       "      <td>0.003026</td>\n",
       "      <td>-0.184862</td>\n",
       "      <td>-0.261190</td>\n",
       "      <td>0.074845</td>\n",
       "      <td>1.000000</td>\n",
       "      <td>0.267048</td>\n",
       "      <td>-0.564072</td>\n",
       "      <td>-0.279033</td>\n",
       "      <td>-0.147221</td>\n",
       "    </tr>\n",
       "    <tr>\n",
       "      <th>lat</th>\n",
       "      <td>0.307003</td>\n",
       "      <td>-0.008931</td>\n",
       "      <td>0.024573</td>\n",
       "      <td>0.052529</td>\n",
       "      <td>-0.085683</td>\n",
       "      <td>0.049614</td>\n",
       "      <td>-0.014274</td>\n",
       "      <td>0.006157</td>\n",
       "      <td>-0.014941</td>\n",
       "      <td>0.114084</td>\n",
       "      <td>-0.000816</td>\n",
       "      <td>0.110538</td>\n",
       "      <td>0.267048</td>\n",
       "      <td>1.000000</td>\n",
       "      <td>-0.135512</td>\n",
       "      <td>0.048858</td>\n",
       "      <td>-0.086419</td>\n",
       "    </tr>\n",
       "    <tr>\n",
       "      <th>long</th>\n",
       "      <td>0.021626</td>\n",
       "      <td>0.129473</td>\n",
       "      <td>0.223042</td>\n",
       "      <td>0.240223</td>\n",
       "      <td>0.229521</td>\n",
       "      <td>0.125419</td>\n",
       "      <td>-0.041910</td>\n",
       "      <td>-0.078400</td>\n",
       "      <td>-0.106500</td>\n",
       "      <td>0.198372</td>\n",
       "      <td>0.343803</td>\n",
       "      <td>-0.144765</td>\n",
       "      <td>-0.564072</td>\n",
       "      <td>-0.135512</td>\n",
       "      <td>1.000000</td>\n",
       "      <td>0.334605</td>\n",
       "      <td>0.254451</td>\n",
       "    </tr>\n",
       "    <tr>\n",
       "      <th>sqft_living15</th>\n",
       "      <td>0.585379</td>\n",
       "      <td>0.391638</td>\n",
       "      <td>0.568634</td>\n",
       "      <td>0.756420</td>\n",
       "      <td>0.144608</td>\n",
       "      <td>0.279885</td>\n",
       "      <td>0.086463</td>\n",
       "      <td>0.280439</td>\n",
       "      <td>-0.092824</td>\n",
       "      <td>0.713202</td>\n",
       "      <td>0.731870</td>\n",
       "      <td>0.200355</td>\n",
       "      <td>-0.279033</td>\n",
       "      <td>0.048858</td>\n",
       "      <td>0.334605</td>\n",
       "      <td>1.000000</td>\n",
       "      <td>0.183192</td>\n",
       "    </tr>\n",
       "    <tr>\n",
       "      <th>sqft_lot15</th>\n",
       "      <td>0.082447</td>\n",
       "      <td>0.029244</td>\n",
       "      <td>0.087175</td>\n",
       "      <td>0.183286</td>\n",
       "      <td>0.718557</td>\n",
       "      <td>-0.011269</td>\n",
       "      <td>0.030703</td>\n",
       "      <td>0.072575</td>\n",
       "      <td>-0.003406</td>\n",
       "      <td>0.119248</td>\n",
       "      <td>0.194050</td>\n",
       "      <td>0.017276</td>\n",
       "      <td>-0.147221</td>\n",
       "      <td>-0.086419</td>\n",
       "      <td>0.254451</td>\n",
       "      <td>0.183192</td>\n",
       "      <td>1.000000</td>\n",
       "    </tr>\n",
       "  </tbody>\n",
       "</table>\n",
       "</div>"
      ],
      "text/plain": [
       "                  price  bedrooms  bathrooms  sqft_living  sqft_lot    floors  \\\n",
       "price          1.000000  0.308350   0.525138     0.702035  0.089661  0.256794   \n",
       "bedrooms       0.308350  1.000000   0.515884     0.576671  0.031703  0.175429   \n",
       "bathrooms      0.525138  0.515884   1.000000     0.754665  0.087740  0.500653   \n",
       "sqft_living    0.702035  0.576671   0.754665     1.000000  0.172826  0.353949   \n",
       "sqft_lot       0.089661  0.031703   0.087740     0.172826  1.000000 -0.005201   \n",
       "floors         0.256794  0.175429   0.500653     0.353949 -0.005201  1.000000   \n",
       "waterfront     0.266369 -0.006582   0.063744     0.103818  0.021604  0.023698   \n",
       "view           0.397293  0.079532   0.187737     0.284611  0.074710  0.029444   \n",
       "condition      0.036362  0.028472  -0.124982    -0.058753 -0.008958 -0.263768   \n",
       "grade          0.667434  0.356967   0.664983     0.762704  0.113621  0.458183   \n",
       "sqft_above     0.605567  0.477600   0.685342     0.876597  0.183512  0.523885   \n",
       "sqft_basement  0.323816  0.303093   0.283770     0.435043  0.015286 -0.245705   \n",
       "zipcode       -0.053203 -0.152668  -0.203866    -0.199430 -0.129574 -0.059121   \n",
       "lat            0.307003 -0.008931   0.024573     0.052529 -0.085683  0.049614   \n",
       "long           0.021626  0.129473   0.223042     0.240223  0.229521  0.125419   \n",
       "sqft_living15  0.585379  0.391638   0.568634     0.756420  0.144608  0.279885   \n",
       "sqft_lot15     0.082447  0.029244   0.087175     0.183286  0.718557 -0.011269   \n",
       "\n",
       "               waterfront      view  condition     grade  sqft_above  \\\n",
       "price            0.266369  0.397293   0.036362  0.667434    0.605567   \n",
       "bedrooms        -0.006582  0.079532   0.028472  0.356967    0.477600   \n",
       "bathrooms        0.063744  0.187737  -0.124982  0.664983    0.685342   \n",
       "sqft_living      0.103818  0.284611  -0.058753  0.762704    0.876597   \n",
       "sqft_lot         0.021604  0.074710  -0.008958  0.113621    0.183512   \n",
       "floors           0.023698  0.029444  -0.263768  0.458183    0.523885   \n",
       "waterfront       1.000000  0.401857   0.016653  0.082775    0.072075   \n",
       "view             0.401857  1.000000   0.045990  0.251321    0.167649   \n",
       "condition        0.016653  0.045990   1.000000 -0.144674   -0.158214   \n",
       "grade            0.082775  0.251321  -0.144674  1.000000    0.755923   \n",
       "sqft_above       0.072075  0.167649  -0.158214  0.755923    1.000000   \n",
       "sqft_basement    0.080588  0.276947   0.174105  0.168392   -0.051943   \n",
       "zipcode          0.030285  0.084827   0.003026 -0.184862   -0.261190   \n",
       "lat             -0.014274  0.006157  -0.014941  0.114084   -0.000816   \n",
       "long            -0.041910 -0.078400  -0.106500  0.198372    0.343803   \n",
       "sqft_living15    0.086463  0.280439  -0.092824  0.713202    0.731870   \n",
       "sqft_lot15       0.030703  0.072575  -0.003406  0.119248    0.194050   \n",
       "\n",
       "               sqft_basement   zipcode       lat      long  sqft_living15  \\\n",
       "price               0.323816 -0.053203  0.307003  0.021626       0.585379   \n",
       "bedrooms            0.303093 -0.152668 -0.008931  0.129473       0.391638   \n",
       "bathrooms           0.283770 -0.203866  0.024573  0.223042       0.568634   \n",
       "sqft_living         0.435043 -0.199430  0.052529  0.240223       0.756420   \n",
       "sqft_lot            0.015286 -0.129574 -0.085683  0.229521       0.144608   \n",
       "floors             -0.245705 -0.059121  0.049614  0.125419       0.279885   \n",
       "waterfront          0.080588  0.030285 -0.014274 -0.041910       0.086463   \n",
       "view                0.276947  0.084827  0.006157 -0.078400       0.280439   \n",
       "condition           0.174105  0.003026 -0.014941 -0.106500      -0.092824   \n",
       "grade               0.168392 -0.184862  0.114084  0.198372       0.713202   \n",
       "sqft_above         -0.051943 -0.261190 -0.000816  0.343803       0.731870   \n",
       "sqft_basement       1.000000  0.074845  0.110538 -0.144765       0.200355   \n",
       "zipcode             0.074845  1.000000  0.267048 -0.564072      -0.279033   \n",
       "lat                 0.110538  0.267048  1.000000 -0.135512       0.048858   \n",
       "long               -0.144765 -0.564072 -0.135512  1.000000       0.334605   \n",
       "sqft_living15       0.200355 -0.279033  0.048858  0.334605       1.000000   \n",
       "sqft_lot15          0.017276 -0.147221 -0.086419  0.254451       0.183192   \n",
       "\n",
       "               sqft_lot15  \n",
       "price            0.082447  \n",
       "bedrooms         0.029244  \n",
       "bathrooms        0.087175  \n",
       "sqft_living      0.183286  \n",
       "sqft_lot         0.718557  \n",
       "floors          -0.011269  \n",
       "waterfront       0.030703  \n",
       "view             0.072575  \n",
       "condition       -0.003406  \n",
       "grade            0.119248  \n",
       "sqft_above       0.194050  \n",
       "sqft_basement    0.017276  \n",
       "zipcode         -0.147221  \n",
       "lat             -0.086419  \n",
       "long             0.254451  \n",
